x y ra dec
1299.4211 20.7863 281.4139709472656 -26.99077796936035
1695.2622 4.6533 260.50244140625 -24.999488830566406
1677.5851 19.703 261.5925598144531 -24.17502212524414
1385.099 31.305 276.9927978515625 -25.421276092529297
1256.4154 39.452 283.8163146972656 -26.296594619750977
1200.8738 29.7298 286.73516845703125 -27.66984748840332
1500.4417 33.2007 270.9685363769531 -24.360727310180664
2071.1328 90.0203 241.35931396484375 -19.805397033691406
2059.8328 71.9326 241.85125732421875 -20.8686580657959
1605.7371 64.0178 265.85772705078125 -21.683090209960938
2177.5669 97.5996 235.4867401123047 -19.678586959838867
1463.3932 89.7425 273.44085693359375 -21.05883026123047
2043.5537 94.6279 242.99893188476562 -19.460281372070312
1268.3014 93.7069 283.5423889160156 -22.74481964111328
1409.3539 105.3753 276.337646484375 -20.541614532470703
1977.6049 107.1812 246.75599670410156 -18.45619773864746
1221.0865 119.9126 286.1705627441406 -21.74135971069336
1255.1492 123.5624 284.43243408203125 -21.106624603271484
1198.9596 135.5846 287.44097900390625 -21.023530960083008
1782.3308 151.3642 257.59417724609375 -15.725236892700195
1391.3894 137.8 277.5493469238281 -18.728586196899414
1385.7606 144.2218 277.8595886230469 -18.402647018432617
1652.6526 163.5487 264.3967590332031 -15.398414611816406
2180.0203 167.9615 236.01841735839844 -15.67268180847168
1166.0637 178.5494 289.40869140625 -18.952884674072266
1149.5828 200.1795 290.418212890625 -17.847248077392578
1389.2196 203.0638 278.1805114746094 -14.865653991699219
1406.3159 205.6618 277.29937744140625 -14.565803527832031
1641.4542 206.6907 265.3537902832031 -12.875179290771484
1275.9872 197.8642 283.8792419433594 -16.376211166381836
1740.9547 201.0311 260.2068176269531 -12.846881866455078
1031.5946 197.8002 296.59088134765625 -19.760906219482422
1281.9908 209.5204 283.6796569824219 -15.603022575378418
1956.3259 239.1471 249.28970336914062 -10.567153930664062
1153.3661 231.441 290.4317626953125 -15.95500373840332
1895.4003 234.2859 252.45823669433594 -10.782804489135742
1677.5276 232.4834 263.693115234375 -11.242006301879883
2107.5266 235.9122 241.09239196777344 -11.373022079467773
1800.4868 239.4972 257.4496765136719 -10.523039817810059
1442.3737 243.7889 275.8006896972656 -12.0147123336792
1063.8536 248.4023 295.18060302734375 -16.293148040771484
1055.8911 252.6792 295.62957763671875 -16.123973846435547
1564.9224 266.1021 269.75665283203125 -9.77336311340332
1266.4108 260.1898 284.84918212890625 -12.840463638305664
1052.6259 265.7909 295.889404296875 -15.469680786132812
1387.9832 269.3219 278.7598571777344 -10.977194786071777
2005.907 280.4627 246.950927734375 -8.37170124053955
1671.4594 285.8847 264.4613342285156 -8.11872386932373
1083.0222 277.9872 294.3936462402344 -14.301465034484863
1201.9409 282.6352 288.3146667480469 -12.282512664794922
986.4315 284.6352 299.4875793457031 -15.4912691116333
2079.4629 281.7184 243.03038024902344 -8.547579765319824
1549.0308 295.4759 270.77044677734375 -8.180265426635742
1447.9204 294.9226 275.9148254394531 -8.9345064163208
2008.4208 293.1005 246.9310760498047 -7.597562313079834
842.6125 290.6415 307.215087890625 -17.813669204711914
2328.5737 303.3855 229.251953125 -9.382868766784668
1333.589 293.2196 281.6805114746094 -10.125038146972656
1534.3937 295.2043 271.5308532714844 -8.323908805847168
1358.1663 307.6779 280.56842041015625 -9.052552223205566
1394.0629 315.3062 278.80181884765625 -8.243349075317383
1884.5831 314.1912 253.64878845214844 -6.153926849365234
1354.2327 321.4694 280.8801574707031 -8.275239944458008
883.3619 330.1247 305.252685546875 -14.781404495239258
1698.3883 325.7872 263.37445068359375 -5.744571685791016
1733.0868 334.8679 261.6580505371094 -5.086489677429199
2059.2063 348.4895 244.58018493652344 -4.692604064941406
1103.3669 338.0589 293.78021240234375 -10.56043815612793
1857.6727 348.1371 255.26510620117188 -4.222456455230713
2079.6045 367.8719 243.58651733398438 -3.6939897537231445
1030.1249 354.6449 297.69500732421875 -10.763587951660156
902.2148 364.1682 304.513427734375 -12.5448579788208
927.1523 354.8743 303.1073303222656 -12.617032051086426
1215.9996 355.9854 288.1695861816406 -7.939501762390137
1543.0818 355.8765 271.56298828125 -4.751181602478027
1342.5592 368.4789 281.8707275390625 -5.705073356628418
682.9191 363.9011 316.4866027832031 -17.232709884643555
1590.0066 362.8714 269.1989440917969 -4.081803321838379
1573.4811 371.0241 270.1205139160156 -3.6901655197143555
888.6892 364.2794 305.1658630371094 -12.75904369354248
1296.0206 375.4813 284.26513671875 -5.846218109130859
2194.1433 386.2135 237.40525817871094 -3.4301419258117676
1274.3765 381.8184 285.420166015625 -5.739023208618164
1346.4869 385.0161 281.79364013671875 -4.747829914093018
2100.4526 374.5827 242.46054077148438 -3.4667294025421143
1475.4309 396.7214 275.3287658691406 -2.897186040878296
1255.1357 400.7902 286.5622863769531 -4.882346153259277
1019.5269 403.3305 298.6568603515625 -8.227230072021484
1104.8406 399.7548 294.22271728515625 -7.027470588684082
615.3826 401.8575 320.56158447265625 -16.83455467224121
1186.1848 408.4715 290.1368408203125 -5.41586971282959
1791.3965 414.9847 259.1529235839844 -0.4451422095298767
1843.0027 406.7945 256.3843994140625 -0.8920649886131287
2483.4731 410.6377 220.7648468017578 -5.657443523406982
1263.6185 414.995 286.2402648925781 -4.031357288360596
1437.5266 418.8994 277.4206848144531 -1.9852313995361328
1274.8865 418.7361 285.72705078125 -3.699002981185913
2212.0173 419.1773 236.52354431152344 -1.804117202758789
1734.8044 430.4094 262.20703125 0.33057916164398193
844.8906 434.3598 308.0980224609375 -9.85364055633545
542.5696 440.2808 325.02227783203125 -16.662256240844727
2019.9 441.8195 247.14157104492188 0.6651663780212402
2050.8494 450.2643 245.5184783935547 1.0289244651794434
1914.4756 444.8607 252.85389709472656 1.2159972190856934
1107.8646 443.0484 294.4469299316406 -4.647518634796143
1564.9767 481.9751 271.3634033203125 2.5023183822631836
1960.1008 447.2771 250.42724609375 1.181099772453308
1794.9744 444.974 259.1321716308594 1.2105822563171387
1579.5963 459.1579 270.43829345703125 1.305107831954956
1604.0104 445.9846 269.0766906738281 0.6703555583953857
1360.5007 450.5002 281.6191101074219 -0.9616425037384033
1455.514 454.9064 276.8021240234375 0.19613249599933624
1404.3356 454.3531 279.3998107910156 -0.3094272315502167
2010.9958 464.3109 247.7286376953125 1.9844499826431274
778.1923 466.9479 311.91888427734375 -9.495687484741211
516.5662 465.3297 326.7595520019531 -16.12659454345703
1146.8802 466.1419 292.6659240722656 -2.788862466812134
1649.0114 477.823 266.9732360839844 2.707446336746216
1727.568 473.8023 262.83892822265625 2.724461555480957
1588.969 487.0007 270.16131591796875 2.9315855503082275
679.7251 475.1436 317.3983154296875 -11.37165641784668
2196.7776 490.4701 237.5730438232422 2.196622133255005
758.3742 485.3515 313.1633605957031 -8.983237266540527
737.9841 480.4851 314.2251281738281 -9.697515487670898
1200.1569 486.7368 290.148681640625 -0.8921680450439453
1123.9084 499.5122 294.1803283691406 -1.2865527868270874
1545.2844 495.4369 272.47503662109375 3.120276689529419
1674.1223 509.4442 265.86822509765625 4.566908836364746
1377.1165 501.4829 281.20806884765625 2.060072898864746
1752.9325 498.5202 261.628662109375 4.140341281890869
1541.7129 499.764 272.6678771972656 3.3242666721343994
1193.7146 499.3296 290.5896301269531 -0.25228166580200195
1493.619 506.6958 275.2169189453125 3.3771469593048096
1967.7764 502.7448 250.16119384765625 4.219815731048584
2292.7451 502.1744 232.15951538085938 1.8421599864959717
1593.9541 512.6686 270.0658264160156 4.368646144866943
1176.5914 515.0359 291.6295471191406 0.33857443928718567
2334.5151 509.4573 229.8274688720703 1.7666163444519043
1549.3469 510.7016 272.3910827636719 3.9933013916015625
1321.5958 520.4897 284.3191223144531 2.535374402999878
1288.0983 515.5005 285.88433837890625 1.8189250230789185
1107.7471 516.8867 295.18048095703125 -0.6212891936302185
1936.4756 518.9489 251.94346618652344 5.24683952331543
1216.0372 518.9017 289.6353759765625 1.085086703300476
2195.9336 532.3809 237.7037353515625 4.4775848388671875
2094.3779 528.3374 243.314208984375 5.021097660064697
2006.6187 528.8738 248.14865112304688 5.521220684051514
2404.7371 534.1804 225.7252960205078 2.0912721157073975
1242.4457 534.8154 288.42791748046875 2.293713331222534
1330.1658 549.8386 284.0548400878906 4.20352840423584
1631.0023 540.5892 268.30938720703125 6.101263999938965
792.572 546.5225 311.934326171875 -5.0276007652282715
968.0692 557.2725 302.82611083984375 -0.8214752674102783
1170.6223 546.7622 292.2541198730469 1.950523018836975
1059.741 560.9211 298.1181945800781 1.0056774616241455
999.8921 548.6793 301.0964660644531 -0.7090230584144592
771.7265 546.0367 313.0362243652344 -5.507044315338135
1190.5956 562.4422 291.3739929199219 3.1145949363708496
1046.9248 551.8625 298.6865539550781 0.27366000413894653
879.222 552.0104 307.4123229980469 -2.8854763507843018
2474.3306 552.0817 221.5624542236328 1.8929344415664673
2220.4844 554.0309 236.3477783203125 5.447323322296143
1926.9652 555.1196 252.5806427001953 7.24770450592041
2225.082 573.8206 236.06666564941406 6.425522327423096
1468.0677 561.3822 276.994873046875 6.194155693054199
1176.9529 562.9178 292.0866394042969 2.9300649166107178
959.1796 557.9575 303.3077697753906 -1.0092672109603882
1473.5114 566.7501 276.994873046875 6.194155693054199
719.6995 563.5566 316.0196228027344 -5.823050022125244
2045.7561 558.3818 246.0451202392578 6.948172569274902
1168.6082 565.4013 292.0866394042969 2.9300649166107178
849.4957 570.2296 309.1817932128906 -2.5499184131622314
1512.3098 574.6594 274.78985595703125 7.25976037979126
1429.0322 576.8892 279.1628723144531 6.672138690948486
1948.1849 580.8463 251.4578857421875 8.5825777053833
1895.1484 592.3018 254.41775512695312 9.375055313110352
1238.2412 582.1417 289.1292724609375 4.834819316864014
1728.5057 650.9472 263.7333679199219 12.560575485229492
2215.6045 589.7352 236.61141967773438 7.35323429107666
1772.6918 583.2913 260.99005126953125 8.852588653564453
1571.2078 594.6457 271.82647705078125 8.733797073364258
1484.1499 592.9324 276.41168212890625 8.032023429870605
1341.6884 592.118 283.8643493652344 6.615494728088379
1277.2623 596.2627 287.2496643066406 6.073389053344727
1724.5803 597.9152 263.6528625488281 9.586723327636719
848.5026 598.8093 309.58447265625 -1.1050783395767212
2117.124 596.4739 242.11700439453125 8.534324645996094
574.3757 596.8171 324.43768310546875 -7.854145526885986
1573.1149 608.8537 271.83758544921875 9.563663482666016
1912.3064 607.942 253.50209045410156 10.165440559387207
1800.0654 619.5046 259.65411376953125 10.864703178405762
1827.807 614.6191 258.1158447265625 10.58522891998291
1137.2283 620.4864 294.7984924316406 5.397781848907471
607.5239 624.7649 322.8896789550781 -5.571157455444336
1437.2482 620.4463 279.1159973144531 9.122797966003418
2121.0605 621.8458 241.90646362304688 9.891759872436523
850.5027 629.0212 309.8534851074219 0.4864925146102905
2009.7423 638.5717 248.15164184570312 11.488231658935547
1167.521 649.0843 293.5218200683594 7.379300117492676
1933.8945 666.2814 252.39447021484375 13.261198997497559
2256.6646 648.707 234.12313842773438 10.01044750213623
642.1958 648.8264 321.3206787109375 -3.5565876960754395
1862.4342 653.7379 256.34442138671875 12.740852355957031
2263.657 660.1682 233.70089721679688 10.537749290466309
1068.9774 661.0946 298.82818603515625 6.407928466796875
1508.8848 663.167 275.6471252441406 12.029647827148438
1099.0076 696.5492 297.69451904296875 8.867384910583496
599.1147 661.9041 323.8234558105469 -3.9832944869995117
1870.4688 669.8758 255.91380310058594 13.605426788330078
1822.2306 683.9341 258.66192626953125 14.3902587890625
1117.1592 668.8392 296.41632080078125 7.613160133361816
1940.5963 673.176 252.39447021484375 13.261198997497559
1873.605 679.2365 255.78274536132812 14.092092514038086
2486.6597 680.6425 220.41148376464844 8.161755561828613
1304.113 683.0712 286.7441711425781 11.071313858032227
2041.4808 689.0305 246.3538818359375 14.033413887023926
942.3978 686.4484 305.79461669921875 5.343077182769775
424.8767 689.5323 334.2082214355469 -7.783238887786865
1873.0359 687.6909 255.78274536132812 14.092092514038086
1034.0225 689.978 301.03460693359375 7.277935028076172
1082.9176 695.7888 298.561767578125 8.461647987365723
2230.6938 697.6011 235.44747924804688 12.847538948059082
1257.1643 704.3395 289.45416259765625 11.595393180847168
1248.2609 705.4599 289.45416259765625 11.595393180847168
1127.4628 722.5615 296.56488037109375 10.613268852233887
2163.3196 714.3456 239.31100463867188 14.414276123046875
1348.6642 720.9865 284.77386474609375 13.622532844543457
1701.1462 715.7001 265.49432373046875 15.952184677124023
1227.0347 719.1906 291.24078369140625 11.94292163848877
1953.2482 713.926 251.34378051757812 15.745408058166504
1738.8533 721.2861 263.41412353515625 16.317699432373047
1779.3988 719.6093 261.1313781738281 16.301074981689453
1321.4022 730.9509 286.3525390625 13.863696098327637
1252.5747 720.4034 289.9139404296875 12.374642372131348
1105.5422 725.8956 297.75628662109375 10.416046142578125
1351.2222 725.9986 284.6955261230469 13.906766891479492
1809.3704 737.1722 259.52056884765625 17.317913055419922
1621.5212 737.1917 270.0142517089844 16.75094223022461
2165.1069 738.2679 239.11251831054688 15.664593696594238
785.5413 733.9794 314.7689208984375 4.293851375579834
2208.9954 742.4091 236.54673767089844 15.42192268371582
1351.6202 747.3871 284.9057922363281 15.068469047546387
1149.2974 739.5444 295.6417541503906 11.826617240905762
1225.1549 739.9249 291.60052490234375 13.023664474487305
841.2572 742.9639 311.95135498046875 6.00823974609375
1152.1165 745.6711 295.6417541503906 11.826617240905762
1681.6821 749.3281 266.7834777832031 17.697032928466797
2113.2751 756.7993 242.01893615722656 17.046993255615234
1799.8409 752.041 260.07861328125 18.057212829589844
1087.6975 751.385 299.0592956542969 11.42370891571045
1275.2379 755.8109 289.1116027832031 14.54461669921875
1484.0194 757.4252 277.76861572265625 16.928604125976562
1291.2748 760.8259 288.8337097167969 15.083678245544434
1909.3687 761.4883 253.84263610839844 18.433183670043945
2292.6333 763.4333 231.44752502441406 15.428054809570312
769.6978 767.1405 316.14434814453125 5.502860069274902
1282.4135 764.174 288.8337097167969 15.083678245544434
499.4899 761.4944 330.8284606933594 -2.1553380489349365
1523.3885 768.4554 275.70416259765625 17.82657814025879
1743.9235 774.8992 263.3451843261719 19.256887435913086
1164.4319 773.1682 295.2730407714844 13.81570816040039
1219.0576 771.6293 292.3421936035156 14.596075057983398
2142.1101 775.5923 240.3097686767578 17.818029403686523
2475.9724 788.8649 220.2871856689453 13.728322982788086
2053.2932 787.0202 245.4801788330078 19.15302276611328
597.3146 773.8673 325.5421447753906 1.2852743864059448
1469.8047 783.1718 278.8024597167969 18.203392028808594
722.8343 786.1054 318.9558410644531 5.248063564300537
2080.2119 784.8005 243.86947631835938 18.80828857421875
613.241 785.1746 324.888671875 2.2437567710876465
2193.1938 792.0607 237.18502807617188 18.141769409179688
1417.8472 792.2535 281.7550964355469 18.181243896484375
1773.3557 789.8645 261.7047119140625 20.0809383392334
1365.955 787.4982 284.56146240234375 17.36093521118164
500.9117 788.1637 331.1976318359375 -0.9062444567680359
1377.6692 798.2373 284.025634765625 18.10577964782715
1589.6794 801.0272 272.2202453613281 20.04528045654297
500.128 801.3732 331.4459533691406 -0.31982776522636414
899.5475 799.3002 309.78167724609375 10.086153984069824
1679.5724 803.054 267.1031494140625 20.565427780151367
930.6995 809.7154 308.3031921386719 11.303330421447754
1420.9807 801.9716 281.7550964355469 18.181243896484375
1911.4551 808.4817 253.729736328125 20.958486557006836
1591.9445 815.2542 272.1895446777344 20.814571380615234
2220.0662 804.7475 235.4781494140625 18.463903427124023
523.1296 806.8805 330.2708740234375 0.6047433018684387
1619.7043 812.9141 270.5960388183594 20.833646774291992
2015.1302 807.9619 247.63999938964844 20.479341506958008
2016.1067 826.8145 247.55523681640625 21.48964500427246
1413.6892 814.5425 282.222412109375 19.32876968383789
1673.7594 809.6187 267.1031494140625 20.565427780151367
1193.2589 815.4953 294.32244873046875 16.462770462036133
437.2027 822.1888 335.41375732421875 -1.3873519897460938
1625.1287 826.3369 270.37481689453125 21.59530258178711
912.29 819.9249 309.4545593261719 11.37769603729248
2405.022 816.8174 224.2986602783203 16.388137817382812
903.4367 821.2382 309.4545593261719 11.37769603729248
1184.918 820.1294 294.32244873046875 16.462770462036133
1529.6857 840.9337 275.9240417480469 21.77031898498535
2219.9077 827.2993 235.38787841796875 19.670499801635742
2164.4377 828.6032 238.64442443847656 20.310863494873047
704.0515 829.4004 320.7232666015625 6.811114311218262
998.6286 826.9429 305.00079345703125 13.548100471496582
1862.0333 828.0422 256.575439453125 22.08424186706543
1431.6862 834.1925 281.4155578613281 20.547080993652344
1182.2693 838.5002 295.2622375488281 17.476119995117188
1108.5209 849.4808 299.4393310546875 16.78911781311035
2467.6738 842.6439 220.18150329589844 16.418304443359375
1884.7313 839.4008 255.24224853515625 22.63214874267578
1606.5619 839.7855 271.5079650878906 22.218891143798828
1544.7184 842.7918 275.0745849609375 21.961435317993164
2010.0293 840.4835 247.8059844970703 22.195438385009766
1650.7994 840.6287 268.96173095703125 22.46422004699707
2448.4321 846.1058 221.31040954589844 16.964397430419922
1188.725 846.7773 295.02410888671875 18.01393699645996
1031.0394 846.7807 303.5691223144531 15.197469711303711
2176.9163 843.9004 237.81642150878906 20.977876663208008
937.8475 841.7043 308.48748779296875 13.027204513549805
1786.9747 843.5035 261.0275573730469 22.96036720275879
1115.0903 844.391 299.0052490234375 16.634817123413086
1080.6428 844.9364 300.87506103515625 16.031272888183594
637.9737 846.0395 324.6328125 5.771674156188965
825.6357 849.6349 314.6081848144531 10.839371681213379
1406.3125 855.3353 283.0684814453125 21.4251651763916
623.4514 853.774 325.5643615722656 5.680150508880615
1259.1294 860.6118 291.36895751953125 19.79852867126465
1161.1973 865.913 296.846923828125 18.534259796142578
920.2858 855.9728 309.6832580566406 13.315126419067383
1255.3086 863.9718 291.55517578125 20.097816467285156
773.9562 861.6149 317.5852966308594 10.13192367553711
1257.3826 867.7532 291.55517578125 20.097816467285156
1157.5701 879.0636 297.244384765625 19.14198112487793
1103.3297 866.4719 300.0137939453125 17.516538619995117
1083.8671 864.1523 301.0268859863281 17.071125030517578
420.2768 866.8243 337.20751953125 -0.02005472034215927
1826.6462 878.2924 258.7580261230469 24.839561462402344
757.1026 867.9877 318.6199645996094 10.00769329071045
2128.4463 869.2674 240.57369995117188 22.804397583007812
932.744 876.1872 309.386962890625 14.595198631286621
942.1425 873.5208 308.8271179199219 14.674185752868652
1706.8363 871.467 265.84014892578125 24.32765769958496
1220.6384 871.3348 293.6453552246094 19.773399353027344
1801.6345 871.894 260.2259216308594 24.499439239501953
1540.2504 868.0128 275.5362243652344 23.284997940063477
1261.4735 869.4846 291.55517578125 20.097816467285156
1710.7654 875.681 265.6183166503906 24.56429672241211
1731.7839 869.873 264.37957763671875 24.30997085571289
1305.1381 878.7003 289.0543212890625 21.390443801879883
1308.2719 874.9702 288.8222351074219 21.232101440429688
1400.3757 880.3115 283.68701171875 22.64507293701172
2417.4099 877.9958 222.84703063964844 19.100624084472656
847.4872 875.3975 313.91064453125 12.568506240844727
2307.4998 870.5181 229.60214233398438 20.57280921936035
1922.9246 879.0587 252.93856811523438 24.656417846679688
2545.0417 876.2536 214.93882751464844 16.306804656982422
2409.4639 876.6274 222.84703063964844 19.100624084472656
397.8831 882.709 338.8388977050781 -0.11737000197172165
1485.0854 882.772 278.87664794921875 23.60561180114746
1510.717 883.5889 277.3988037109375 23.866207122802734
440.7949 883.2324 336.3192138671875 1.3773921728134155
1555.8855 887.6016 274.7944641113281 24.446046829223633
1119.3604 899.2973 299.6891174316406 19.492095947265625
1804.8934 891.3278 260.04095458984375 25.537641525268555
1878.926 892.4244 255.5777587890625 25.50539207458496
912.3207 895.7104 310.8647766113281 15.07468032836914
1679.0208 890.9775 267.2048034667969 25.62295913696289
1685.4316 896.8989 267.2048034667969 25.62295913696289
932.6489 903.0962 309.9093933105469 15.912054061889648
927.4897 901.0006 309.9093933105469 15.912054061889648
855.382 895.4113 313.90283203125 13.721563339233398
1761.254 902.5984 262.6845703125 26.110607147216797
533.1747 899.6837 331.4195556640625 5.058294773101807
1021.6385 903.4202 305.0891418457031 17.793001174926758
2547.1934 938.7213 213.9180908203125 19.187206268310547
1658.6033 906.7059 268.8549499511719 26.049978256225586
906.33 920.194 311.6619567871094 16.124605178833008
1607.4272 912.2964 271.956298828125 26.097272872924805
1754.2024 909.1132 262.6845703125 26.110607147216797
1305.994 909.9568 289.43182373046875 23.025548934936523
1096.2196 917.8389 301.28948974609375 19.99088478088379
1357.0778 920.3572 286.65985107421875 24.25075912475586
644.5486 933.1271 326.0464172363281 9.875009536743164
2507.8391 920.6321 216.61419677734375 19.226837158203125
1348.5178 921.5111 286.65985107421875 24.25075912475586
2651.9878 926.5095 207.36956787109375 15.797808647155762
1962.3102 924.7286 250.4029083251953 26.91698455810547
1698.1106 935.1938 266.615478515625 27.722421646118164
525.3259 931.9108 332.5492858886719 6.197791576385498
2169.9817 941.8988 237.39874267578125 26.068544387817383
1167.5084 943.8398 297.7670593261719 22.610082626342773
1451.0654 946.418 281.51861572265625 26.662073135375977
2195.7795 952.2931 235.68600463867188 26.29551124572754
1268.9578 952.5654 292.17669677734375 24.665149688720703
2136.551 950.3322 239.39707946777344 26.878019332885742
1758.1665 945.653 262.9565734863281 28.407438278198242
1393.3597 950.2145 284.9393005371094 26.230432510375977
2225.9805 968.0547 233.67161560058594 26.71491050720215
571.963 945.712 330.2884826660156 8.257170677185059
1387.8099 952.9658 285.32232666015625 26.291431427001953
1614.0977 961.2482 271.8856201171875 28.762470245361328
1811.2838 953.2377 259.7020568847656 28.822982788085938
487.343 951.1796 335.1148681640625 5.789492607116699
2621.1631 965.9188 208.67129516601562 18.39853286743164
454.0891 951.8031 336.9645080566406 4.6963701248168945
1654.1365 967.1393 269.44097900390625 29.247922897338867
2334.2754 965.8667 226.82479858398438 24.869577407836914
1683.6583 966.0876 267.5953063964844 29.32203483581543
2650.479 964.2304 206.81675720214844 17.45677947998047
1137.9927 964.1652 299.7940979003906 23.101274490356445
1560.0398 970.4269 275.2542419433594 28.869842529296875
1166.4807 973.2428 298.3653259277344 24.079526901245117
2471.408 968.3763 218.1359100341797 22.259965896606445
1300.3164 973.9853 290.7120056152344 26.26243019104004
2327.4377 969.0064 227.148193359375 25.108638763427734
2352.3843 975.4398 225.52713012695312 25.00825309753418
1422.0785 975.7686 283.5552062988281 27.909692764282227
1652.7496 984.3961 269.6256103515625 30.18927574157715
1024.0382 976.3234 306.4188537597656 21.4096622467041
1922.6384 976.1011 252.66233825683594 29.80654525756836
2056.2429 979.5323 244.18655395507812 29.150300979614258
1163.9463 979.4184 298.6294250488281 24.31938934326172
1957.1952 1013.2031 250.32276916503906 31.60193634033203
1110.8364 984.9339 301.7225036621094 23.614421844482422
1565.5811 984.4508 275.23736572265625 29.85879898071289
1884.5469 994.584 255.07252502441406 30.92634391784668
1561.8512 988.2754 275.23736572265625 29.85879898071289
972.6915 994.8962 309.6304016113281 21.201181411743164
1177.6387 987.8997 298.00665283203125 24.992170333862305
1268.2947 990.0612 292.8400573730469 26.61711311340332
1138.2223 1000.3049 300.5057373046875 24.93787956237793
1541.821 990.7921 276.494873046875 29.82898712158203
1214.7054 990.9066 295.9288330078125 25.771875381469727
2323.5347 991.983 227.09909057617188 26.30118179321289
1077.0726 996.7355 303.8759765625 23.50892448425293
1619.2527 994.6591 271.7566833496094 30.56188201904297
1610.8126 994.055 271.7566833496094 30.56188201904297
1375.4783 1000.0315 286.6570129394531 28.628398895263672
1763.0696 997.0562 262.730712890625 31.15810203552246
1277.4943 1013.4894 292.68035888671875 27.959680557250977
2334.2322 1009.638 226.11187744140625 26.947660446166992
2113.116 1003.5989 240.3607940673828 29.851076126098633
615.2452 1003.3571 329.2349548339844 12.076523780822754
1516.2159 1008.1661 278.2081298828125 30.554182052612305
2031.3309 1009.2893 245.5245361328125 30.891748428344727
876.7452 1003.9721 315.11541748046875 19.329729080200195
1911.4913 1011.3958 253.24215698242188 31.70171356201172
588.0311 1007.5029 330.8292541503906 11.386555671691895
1601.5161 1012.4775 272.9757080078125 31.405290603637695
1803.3442 1021.9376 260.16448974609375 32.470130920410156
2240.4326 1021.2209 231.9576873779297 29.10550308227539
1079.6187 1019.086 304.1961669921875 24.671140670776367
1057.74 1023.6121 305.5142822265625 24.44611358642578
1627.2844 1025.3098 271.4566650390625 32.23072052001953
2401.9114 1040.084 221.2468719482422 27.074174880981445
2618.8948 1032.1046 207.4284210205078 21.264066696166992
2410.1931 1032.449 220.855712890625 26.527889251708984
1268.0116 1038.8881 293.712158203125 29.462913513183594
1816.3918 1033.3346 259.33154296875 33.10011291503906
1091.418 1032.939 303.81622314453125 25.591960906982422
1311.9178 1035.9437 291.03155517578125 29.621313095092773
565.9888 1030.6945 332.65606689453125 11.624664306640625
484.1166 1035.8186 337.28314208984375 9.129080772399902
990.8746 1038.5933 309.6329650878906 24.115976333618164
2287.5337 1038.2465 228.62167358398438 29.164230346679688
1478.2081 1040.9906 280.9650573730469 31.92690658569336
1269.9072 1045.4332 293.712158203125 29.462913513183594
2265.2949 1039.98 230.03598022460938 29.61630630493164
1109.8602 1043.4308 303.0028991699219 26.478832244873047
1256.2244 1063.4509 294.84417724609375 30.15323829650879
1876.4048 1044.2891 255.40150451660156 33.568267822265625
1112.8257 1049.1038 302.94989013671875 26.80901527404785
1416.4758 1057.9894 285.00341796875 32.14549255371094
1118.0988 1048.803 302.6396789550781 26.904138565063477
993.7551 1046.1693 309.6329650878906 24.115976333618164
1260.4827 1046.2749 293.712158203125 29.462913513183594
2251.0242 1048.8844 230.80096435546875 30.288211822509766
1605.3538 1049.1682 272.9379577636719 33.447025299072266
1159.3756 1049.6239 300.2750549316406 27.753564834594727
1457.0112 1057.0101 282.47052001953125 32.55108642578125
801.3832 1057.5219 320.52142333984375 19.804365158081055
907.2507 1052.1929 314.5681457519531 22.325918197631836
2211.9084 1058.4342 233.23248291015625 31.35914421081543
1367.4154 1053.3435 287.94171142578125 31.283464431762695
1395.6611 1055.5133 286.2409362792969 31.74424934387207
1458.4851 1061.1254 282.4413146972656 32.81283187866211
2022.5411 1063.1998 245.58924865722656 33.79914093017578
1422.9702 1066.7808 284.7359313964844 32.689552307128906
1511.9991 1057.9897 279.1556091308594 33.46903610229492
1511.0106 1063.967 279.1556091308594 33.46903610229492
2528.7957 1062.8022 212.5997772216797 25.091815948486328
1459.4468 1071.5181 282.5199890136719 33.36267852783203
702.5085 1066.0215 326.12786865234375 17.350040435791016
1779.7853 1063.3898 261.6923522949219 34.695701599121094
2166.8796 1069.0287 235.99716186523438 32.51582717895508
2102.312 1069.1837 240.2616424560547 33.3053092956543
1430.4272 1069.6266 284.2561340332031 32.90160369873047
534.4852 1069.6073 335.37945556640625 12.20517349243164
801.587 1969.3956 10.86704158782959 47.02463150024414
1968.5442 2078.5417 158.7732696533203 75.71298217773438
1715.2467 2079.0229 115.12946319580078 87.02015686035156
1375.1033 2076.3157 11.941750526428223 74.84758758544922
1328.578 2078.3477 12.0370512008667 72.67445373535156
1080.2711 2073.8101 14.177087783813477 60.71675109863281
1073.3247 2072.1506 14.195592880249023 60.36284637451172
964.9071 2077.4041 17.054462432861328 54.92389678955078
879.7544 2010.9366 12.208309173583984 50.96818923950195
1136.4814 1607.4335 321.68731689453125 52.89852523803711
2313.1545 1606.9199 204.8773956298828 52.921077728271484
790.404 1606.6334 343.52880859375 40.37683868408203
1088.3256 1602.6444 325.5235900878906 51.18962860107422
1097.0898 1603.0853 325.5235900878906 51.18962860107422
830.8666 1601.6786 341.0228576660156 41.81922912597656
1595.467 1593.5303 279.3896179199219 62.52647018432617
831.6003 1591.8994 341.0228576660156 41.81922912597656
583.7482 1591.7396 353.48822021484375 31.325321197509766
876.2302 1587.9772 337.6219177246094 43.12338638305664
1186.3861 1584.918 317.5647888183594 53.563106536865234
1053.3038 1584.1108 326.6983642578125 49.309574127197266
2278.3142 1595.1106 208.46266174316406 53.72869110107422
943.3279 1583.2064 333.4549255371094 45.44060516357422
944.8232 1613.7173 335.2563781738281 46.53656768798828
1966.7294 1613.3975 236.66648864746094 62.59968948364258
812.0551 1573.2482 340.369384765625 40.225460052490234
1091.9091 1568.267 323.2357482910156 49.977603912353516
944.6371 1564.83 331.5081787109375 45.01438522338867
954.1826 1560.6935 331.5081787109375 45.01438522338867
739.3894 1563.7126 343.7607727050781 37.076805114746094
1346.1581 1558.3766 303.34918212890625 56.56753158569336
1883.6965 1557.5852 248.10690307617188 60.82334518432617
2475.2053 1556.6981 196.46783447265625 45.26849365234375
727.1406 1555.0913 343.9353942871094 36.35139083862305
1108.8707 1541.9119 320.5016174316406 49.38870620727539
1090.6523 1541.3269 321.7148742675781 48.83510971069336
1559.2369 1539.7799 282.800048828125 59.38829040527344
1115.9781 1539.2303 319.8697509765625 49.51028823852539
593.1639 1539.5977 350.2062683105469 30.415077209472656
2189.7605 1534.4946 219.5633544921875 54.02338409423828
1965.7067 1533.1705 240.47369384765625 58.56447982788086
1496.1847 1524.2556 288.4798583984375 57.70524597167969
2265.8689 1521.3763 214.04193115234375 51.36702346801758
1539.149 1523.1748 284.1878356933594 57.81499099731445
2242.1362 1516.6482 216.300048828125 51.851680755615234
1286.1573 1611.2026 311.33831787109375 57.58027648925781
1026.1173 1505.8619 323.49530029296875 45.59205627441406
864.0186 1500.6473 333.4696044921875 39.71489715576172
1333.1068 1494.3219 301.556884765625 53.165096282958984
1215.4969 1494.0275 310.5526123046875 50.340023040771484
1117.5693 1485.7247 316.6503601074219 47.648406982421875
758.0118 1550.4055 342.0461120605469 37.41683578491211
2052.4988 1479.4392 234.3834991455078 54.50878143310547
990.4207 1482.2123 325.04608154296875 43.273799896240234
1518.8434 1480.0022 285.1811218261719 55.65831756591797
506.9053 1481.1595 351.918212890625 25.16736602783203
1141.1976 1476.1089 314.9564514160156 47.52094650268555
1371.8136 1474.9291 297.6572265625 52.9881591796875
832.9951 1475.8538 333.99237060546875 37.74873352050781
1150.5448 1467.3181 313.95751953125 47.417667388916016
1175.3893 1462.1858 311.95538330078125 47.8319091796875
1236.7731 1451.6331 307.51470947265625 48.9515495300293
1232.5289 1460.679 307.828369140625 49.220367431640625
1232.8828 1455.1262 307.51470947265625 48.9515495300293
2248.1545 1460.9501 218.66525268554688 49.36824035644531
2586.8352 1469.5802 194.0025177001953 38.314697265625
1245.0635 1457.946 306.75921630859375 49.38322830200195
1122.595 1456.8417 315.2955017089844 46.155765533447266
595.0976 1454.6366 345.9430847167969 28.082473754882812
956.873 1454.3345 325.5955810546875 41.077022552490234
1115.1255 1454.6241 315.2955017089844 46.155765533447266
1753.7697 1443.0906 263.0434265136719 55.18411636352539
1496.8876 1443.072 286.2298583984375 53.3966064453125
906.1598 1549.7437 333.6847229003906 42.95396041870117
1320.5811 1437.9371 300.33978271484375 50.10468292236328
501.2754 1437.1228 350.1592712402344 23.740358352661133
2055.1772 1436.6484 235.7117462158203 52.360836029052734
1154.584 1436.34 312.23455810546875 46.114139556884766
1419.5515 1433.8394 292.4264221191406 51.72948455810547
1121.5574 1429.3662 314.1448974609375 44.92472839355469
1114.0054 1435.7035 314.1448974609375 44.92472839355469
1113.0773 1431.1951 314.5807800292969 44.47154998779297
1827.027 1432.7007 256.3345947265625 54.47038269042969
963.3248 1431.5836 324.2373962402344 40.41349411010742
731.8497 1431.8901 337.5074768066406 32.572669982910156
1403.2786 1429.5734 293.58233642578125 51.237056732177734
670.1525 1429.6072 340.75054931640625 30.2213077545166
1206.9187 1430.1426 308.4784851074219 46.69386291503906
1131.67 1428.8075 313.32733154296875 45.18168258666992
1088.4241 1427.4845 316.23272705078125 43.927852630615234
1531.516 1426.9849 282.8958435058594 52.97453689575195
1200.9095 1424.1669 308.4784851074219 46.69386291503906
1111.9489 1425.3154 314.5807800292969 44.47154998779297
1545.5016 1424.4342 281.67950439453125 52.98796844482422
1377.7012 1424.0714 295.45452880859375 50.525428771972656
1166.4459 1412.2299 310.35797119140625 45.28033447265625
800.3008 1420.4071 333.19921875 34.604705810546875
921.0909 1411.4592 325.8567810058594 38.283599853515625
661.3677 1412.1055 340.439208984375 29.307687759399414
2080.3018 1405.4934 234.6425018310547 50.42334747314453
1130.5037 1404.6147 312.5201416015625 44.05899429321289
2076.1753 1610.3365 225.36294555664062 60.20442581176758
2449.998 1402.5173 206.55679321289062 41.088844299316406
1583.0555 1401.2872 278.4862365722656 52.35350799560547
2185.0876 1399.3339 226.3578643798828 48.15090560913086
947.2759 1397.5692 323.69366455078125 38.533836364746094
1258.9609 1396.6451 303.4079284667969 46.7413215637207
1761.3276 1390.5859 262.6082458496094 52.301361083984375
1501.0908 1393.3818 285.0569763183594 50.5334587097168
790.0474 1390.8611 332.49688720703125 33.17826461791992
1226.3185 1391.8704 305.52227783203125 45.79490280151367
1326.4662 1389.5132 298.0298767089844 47.93181610107422
1004.4924 1385.9884 319.3539733886719 39.394691467285156
2244.5093 1383.9813 222.32781982421875 46.11638641357422
1242.0111 1380.2147 304.0025329589844 45.57965087890625
1004.3038 1376.9043 319.3539733886719 39.394691467285156
582.2894 1360.0358 342.5004577636719 24.601680755615234
1346.4647 1336.7678 295.2088317871094 45.524662017822266
951.8683 1359.8768 321.8390197753906 37.116790771484375
1353.715 1318.0227 294.1585388183594 44.6951789855957
955.5263 1304.9716 319.4794616699219 34.896881103515625
1194.7997 1299.9943 304.52911376953125 40.732093811035156
1195.4742 1292.8463 304.2303466796875 40.36507797241211
1177.8823 1298.6033 305.5570983886719 40.25667953491211
810.5738 1295.8719 327.461181640625 30.174274444580078
2309.6372 1290.8589 220.9351806640625 40.459205627441406
1796.5537 1278.5491 260.0881042480469 46.24068832397461
787.7821 1279.484 328.12481689453125 28.793685913085938
1345.3951 1276.0507 293.6719055175781 42.41257858276367
1145.3673 1275.8682 306.892822265625 38.440513610839844
2505.9919 1274.3657 207.9478759765625 34.44431686401367
727.9124 1274.7616 331.2971496582031 26.673620223999023
2361.865 1269.8518 218.01980590820312 38.30790328979492
1669.7938 1268.7716 269.98419189453125 45.50145721435547
1482.4858 1267.9778 283.83367919921875 43.945899963378906
1263.9659 1264.5342 299.3077697753906 40.36782455444336
1281.894 1262.0894 297.6555480957031 40.59977722167969
1490.1503 1261.8575 283.83367919921875 43.945899963378906
812.1493 1259.2765 326.0350646972656 28.7431697845459
2079.2988 1258.5226 238.65782165527344 43.13841247558594
707.4862 1257.0178 331.75201416015625 25.345050811767578
1292.5216 1362.0895 299.8350524902344 45.77257537841797
1174.6165 1254.4586 304.4466857910156 38.03294372558594
2670.9739 1247.2257 197.97039794921875 27.876020431518555
1145.6334 1246.3624 305.9348449707031 37.47644805908203
436.7827 1246.2985 346.1900939941406 15.205363273620605
553.701 1244.0515 339.71923828125 19.522480010986328
1115.0397 1243.5105 307.3349609375 36.45473098754883
1119.9991 1238.0197 307.3349609375 36.45473098754883
1047.0306 1238.8335 311.794677734375 34.37410354614258
1244.1016 1233.5967 298.9656677246094 38.48670196533203
755.4504 1233.1641 328.26568603515625 25.925140380859375
1250.0715 1231.8431 298.9656677246094 38.48670196533203
1046.4915 1230.2596 311.5518493652344 33.96950912475586
1270.0658 1229.0028 297.6416015625 38.722171783447266
1175.2057 1226.4156 303.6332702636719 36.8061408996582
1192.7703 1220.2074 302.35675048828125 36.83959197998047
1098.0902 1231.2739 308.47576904296875 35.2508659362793
2200.6514 1223.7484 230.6557159423828 39.58149337768555
2147.769 1221.9996 234.45648193359375 40.35329818725586
1956.2357 1220.0958 248.52578735351562 42.43690490722656
932.139 1221.6764 318.2341003417969 30.227075576782227
954.9233 1220.7537 316.6260070800781 31.184667587280273
925.0314 1217.0477 318.2341003417969 30.227075576782227
1225.907 1211.8859 299.97998046875 37.042884826660156
1975.7219 1212.6194 247.1605224609375 41.88168716430664
918.2924 1214.0995 318.2341003417969 30.227075576782227
1610.5269 1212.7688 273.9115905761719 42.159339904785156
773.4216 1211.0073 326.1612854003906 25.645004272460938
779.1377 1208.5958 326.1612854003906 25.645004272460938
1386.5106 1282.5859 290.9853820800781 43.38823318481445
1251.8257 1209.1659 298.7010192871094 36.99565505981445
939.0471 1208.2482 317.1619567871094 30.205686569213867
1205.7797 1198.9645 301.5913391113281 35.97348403930664
1196.6898 1200.2039 301.5913391113281 35.97348403930664
1147.3335 1203.0289 304.66278076171875 34.982784271240234
852.4732 1203.4917 321.91680908203125 27.60854721069336
2296.2698 1355.9729 219.5527801513672 43.64205551147461
676.8505 1198.1392 331.959716796875 21.70308494567871
1505.0371 1356.0328 283.696533203125 48.859710693359375
1231.6616 1194.0422 299.1839294433594 36.2505989074707
1049.5244 1193.0903 310.2605895996094 32.307315826416016
1231.4352 1188.8771 299.1839294433594 36.2505989074707
1230.8099 1185.1866 299.1839294433594 36.2505989074707
1506.0029 1175.7433 281.09490966796875 39.612606048583984
2208.5703 1180.5464 231.123046875 37.37697219848633
2012.4612 1176.767 244.9801483154297 39.70859146118164
1190.9937 1199.0105 301.5913391113281 35.97348403930664
1149.2578 1175.8845 303.84912109375 33.72935485839844
1020.4727 1173.6583 311.4156494140625 30.71965980529785
1224.9484 1172.7209 299.07666015625 35.08348846435547
1845.5342 1173.1422 257.388671875 40.777015686035156
848.9984 1172.5634 321.1415710449219 26.174545288085938
1449.4395 1167.4285 284.5079345703125 38.26618194580078
369.3703 1167.7611 347.5061340332031 9.822099685668945
748.1237 1166.3751 326.5181579589844 22.948884963989258
492.9657 1167.0509 340.2189025878906 14.548897743225098
497.1224 1165.0953 340.2189025878906 14.548897743225098
997.8215 1350.6925 318.6972961425781 38.04438400268555
2101.6313 1160.7745 238.9481964111328 37.94676971435547
1347.6453 1159.2388 291.53802490234375 36.317867279052734
1339.5491 1158.1862 291.53802490234375 36.317867279052734
753.384 1159.8129 326.5181579589844 22.948884963989258
646.1187 1159.6316 331.86883544921875 19.475439071655273
979.8431 1141.7742 312.8676452636719 28.25051498413086
807.6472 1141.2212 322.48699951171875 23.638830184936523
1457.3035 1139.6931 283.6261901855469 36.89860534667969
1074.3767 1139.5277 307.348876953125 30.36855697631836
457.1911 1139.7042 341.6727294921875 12.174019813537598
833.2988 1139.04 320.9947814941406 24.274093627929688
2555.251 1135.975 209.14234924316406 27.492191314697266
1406.6278 1136.0995 286.8255310058594 36.10017013549805
1251.3507 1135.7142 296.6065979003906 33.7286376953125
2096.3752 1133.7986 239.7404022216797 36.64371109008789
1176.2152 1133.4935 301.1507263183594 32.218624114990234
1308.6887 1131.2683 292.9429931640625 34.45297622680664
692.1105 1129.348 328.40570068359375 19.66838264465332
839.534 1125.5924 320.2677001953125 23.856246948242188
700.5477 1125.952 327.89263916015625 19.826650619506836
2423.8503 1123.9187 217.95773315429688 30.371156692504883
2062.0437 1123.5214 242.24302673339844 36.49015426635742
967.8975 1123.0424 313.0321960449219 27.09712028503418
2127.1792 1121.6089 237.80807495117188 35.6581916809082
1813.6559 1111.6028 259.4178466796875 37.291351318359375
1791.4908 1108.7825 260.9197692871094 37.146766662597656
1788.6639 1105.3127 260.92071533203125 37.14592361450195
1256.8658 1108.2682 295.68585205078125 32.42674255371094
2052.5415 1119.7234 242.95025634765625 36.4251594543457
401.7083 1105.127 343.8067932128906 8.8160982131958
1823.4901 1102.9823 258.76190185546875 36.80915451049805
1626.424 1103.4498 272.0096130371094 36.40169906616211
1188.9945 1103.2799 299.6581726074219 30.983671188354492
746.3591 1103.3972 324.7546691894531 20.265453338623047
1195.0435 1099.2769 299.6581726074219 30.983671188354492
2006.6903 1490.9564 238.069091796875 55.82658767700195
1163.6857 1092.0051 300.90399169921875 29.89801788330078
1116.6431 1085.7512 303.5605163574219 28.694860458374023
742.6624 1084.3931 324.4390563964844 19.318578720092773
1016.5649 1084.639 309.2694396972656 26.461973190307617
978.9051 1077.6891 311.2188415527344 25.27103614807129
682.682 1078.5308 327.5360412597656 17.285947799682617
1463.8849 1077.3839 282.5199890136719 33.36267852783203
1104.1842 1072.9946 303.94232177734375 27.81422996520996
354.1962 1153.0934 347.93414306640625 8.72012710571289
2050.5081 1069.9865 243.67098999023438 33.85881042480469
1833.5327 2068.3826 157.77084350585938 82.55854034423828
1048.8085 2067.5288 14.166695594787598 59.18115997314453
1088.0599 2067.0017 13.267818450927734 61.12358093261719
1560.009 2065.5483 13.719940185546875 83.70745849609375
1152.9868 2071.3018 12.681558609008789 64.2475814819336
1800.2642 2063.165 157.4257049560547 84.25210571289062
1412.5427 1636.7103 301.3863830566406 61.99525833129883
875.0805 1626.0908 340.1282653808594 44.276283264160156
615.9921 1623.5043 353.6591796875 33.497276306152344
1018.9559 2047.6027 12.271438598632812 57.81650161743164
965.733 2026.4877 11.321676254272461 55.22140884399414
1123.3435 2037.5302 8.249947547912598 62.931785583496094
992.1393 2023.2854 10.126623153686523 56.53740692138672
1385.0251 2009.7109 354.7923278808594 75.29285430908203
923.0148 1967.2565 6.276610851287842 53.046783447265625
2164.9407 1966.5917 175.61843872070312 66.74481201171875
1204.1931 2004.3651 1.1743452548980713 67.16638946533203
1429.1866 1953.8932 338.06781005859375 76.22647094726562
1117.4667 1730.0503 332.95220947265625 56.83905792236328
1191.303 1999.5455 0.650338351726532 66.09896087646484
1410.8462 1951.647 339.3036193847656 75.37178802490234
2092.7966 1943.5677 183.78555297851562 70.2000732421875
2112.9478 1997.4172 172.85118103027344 69.33111572265625
1562.6429 1930.6079 311.8898010253906 80.5523452758789
753.4734 1930.2349 9.193623542785645 44.4885139465332
1935.9913 1150.4337 250.72390747070312 38.922454833984375
1333.9867 1901.882 336.5032653808594 70.77088928222656
1826.9601 1862.5209 236.01443481445312 77.79450225830078
1152.2529 1996.5854 1.6105294227600098 64.1961669921875
1249.0017 1946.2048 349.6558837890625 68.11141967773438
1118.2124 1954.4469 357.20904541015625 62.21451950073242
1591.833 1953.2692 310.6462707519531 82.53111267089844
1588.9285 1943.658 310.6462707519531 82.53111267089844
1802.7711 1948.5022 222.58192443847656 82.51246643066406
1585.8308 1933.8698 307.0602722167969 81.42266845703125
1379.3455 1936.6069 338.9408264160156 73.64312744140625
1906.0719 1945.567 201.7383270263672 78.643798828125
1021.8509 1932.0217 358.5959777832031 57.4993896484375
1132.6929 1912.5792 351.2093505859375 62.2828369140625
985.9143 1928.3158 359.752197265625 55.754940032958984
1581.2252 1930.2435 307.0602722167969 81.42266845703125
986.0251 1924.2479 359.285400390625 55.70573043823242
1048.6674 1925.7402 356.7641296386719 58.651859283447266
1025.5685 1916.3508 356.7579650878906 57.451377868652344
2090.0337 1917.0 188.68359375 70.02177429199219
1370.9655 1980.74 348.6542663574219 74.23125457763672
1241.0288 1918.3602 345.8868713378906 67.20918273925781
959.3411 1997.4659 7.942976951599121 54.52226257324219
754.447 1905.796 7.056626796722412 44.39448928833008
1742.1885 1914.9644 251.4923553466797 82.03724670410156
2094.8594 1916.5488 188.37098693847656 69.7882080078125
1517.2717 1911.2571 316.3717041015625 78.12632751464844
2106.8901 1915.6517 187.5281524658203 69.20125579833984
825.5475 1907.9438 4.287667751312256 47.94741439819336
1902.8225 1906.4617 212.2125244140625 77.54743957519531
1133.8055 1904.7994 351.2093505859375 62.2828369140625
1946.4768 1993.7318 183.04965209960938 77.61619567871094
1657.3158 1736.2063 275.18927001953125 71.33773040771484
1057.3179 1892.0149 352.50799560546875 58.548912048339844
1397.6002 1897.2002 329.8128967285156 73.18025970458984
1232.5643 1890.6809 342.4204406738281 66.20069885253906
1153.0134 1757.4707 332.87744140625 59.414512634277344
1454.446 1754.9058 305.0249328613281 68.88025665283203
971.8556 1152.0414 313.6401672363281 28.05763053894043
1116.5017 1742.4717 334.1104736328125 57.2202262878418
1115.9916 1738.1429 333.757080078125 57.0434684753418
1725.1915 1880.8834 259.90435791015625 80.13639831542969
1094.5807 1890.0009 350.6355285644531 60.133487701416016
1690.7711 1878.9398 270.0378112792969 80.00381469726562
1919.0818 1871.0983 216.88134765625 75.6959457397461
1141.4098 1698.7091 328.72149658203125 56.61123275756836
1560.2506 1875.7911 302.22216796875 77.71136474609375
1213.2664 1785.0316 331.28662109375 62.27981948852539
1049.504 1788.2726 342.442626953125 55.902687072753906
2017.1235 1706.1875 224.3963165283203 65.93238830566406
1397.9388 1873.1259 325.7671813964844 72.32017517089844
1078.7838 1777.0681 339.65777587890625 56.79570770263672
794.4467 1872.8567 2.580176830291748 46.072269439697266
1336.4319 1877.0546 332.6620788574219 70.13251495361328
1918.2032 1782.1235 230.18228149414062 71.83397674560547
1854.0792 1706.0414 245.45309448242188 69.10941314697266
1842.7325 1860.3403 232.8543701171875 77.3493423461914
848.1688 1975.6534 9.791196823120117 49.35459518432617
1158.8792 1760.6879 332.87744140625 59.414512634277344
1245.6831 1788.4215 329.1630859375 63.62556457519531
1089.275 1860.3051 347.43389892578125 59.33269119262695
819.5333 1813.0964 356.5085144042969 46.4202880859375
2144.4319 1869.271 191.89308166503906 66.79031372070312
1778.6282 1868.7074 246.43130493164062 78.96361541748047
373.5499 1150.8636 346.7510681152344 9.409523010253906
1252.2869 1810.7087 330.946533203125 64.62776947021484
899.0367 1837.4791 354.7847900390625 50.471736907958984
1093.3047 1855.9451 346.65338134765625 59.41976547241211
1823.1486 2004.3778 192.2782745361328 83.41780090332031
1383.4105 1860.3331 325.4795227050781 71.31119537353516
2139.6072 1850.085 194.9802703857422 66.59730529785156
2030.7469 1857.7794 204.29605102539062 71.24226379394531
1507.2906 1849.7175 307.87664794921875 74.95465850830078
1698.7755 1991.9767 262.6958312988281 86.96802520751953
1045.9695 1846.8431 348.31182861328125 57.16767501831055
1195.855 1849.5972 339.6627197265625 63.58451843261719
642.1912 1707.2914 357.420654296875 36.42539596557617
1100.6787 1849.8801 346.65338134765625 59.41976547241211
1658.8397 1841.472 277.4373474121094 77.54706573486328
1702.4071 1827.7888 267.3622741699219 76.96231079101562
1385.9305 1839.9329 322.1648864746094 70.5606918334961
1818.1202 1839.95 240.8808135986328 76.79389190673828
1234.6628 1847.9695 336.7721252441406 65.13227081298828
1960.144 1995.6442 181.31149291992188 76.90594482421875
2163.3799 1843.6979 193.8689727783203 65.43854522705078
2411.324 1835.3391 178.457275390625 53.694732666015625
699.4797 1831.5887 3.3788719177246094 41.03573989868164
951.6742 1992.6719 7.942976951599121 54.52226257324219
1921.3196 1835.043 222.6766357421875 74.15547943115234
1055.6187 1818.8461 345.0212707519531 56.94538116455078
1611.506 1834.9468 287.2906494140625 76.56077575683594
971.0829 1814.325 349.17584228515625 53.214019775390625
1633.2607 1810.4703 281.5927429199219 75.43380737304688
639.2106 1820.0029 5.280114650726318 37.96869659423828
1423.5096 1828.4554 316.5974426269531 71.43206787109375
1811.9022 1818.8633 244.37704467773438 75.75473022460938
1817.9041 1822.5132 242.7063751220703 75.87753295898438
1205.1482 1810.1089 334.552490234375 62.80436706542969
2340.6785 1823.0997 183.85604858398438 57.03260040283203
2322.1934 1820.9291 185.21180725097656 57.864280700683594
654.7283 1815.5118 4.2730560302734375 38.681678771972656
2306.4412 1809.475 187.48915100097656 58.40553283691406
2340.0125 1813.9851 183.85604858398438 57.03260040283203
2027.5795 1799.5934 213.0168914794922 69.43266296386719
1220.8938 1806.6871 333.093505859375 63.29106903076172
620.4205 1797.9603 4.582095146179199 36.78532409667969
828.1671 1791.6178 354.3905029296875 46.4591064453125
1221.1931 1790.4899 331.25201416015625 62.7855339050293
2259.0354 1796.5254 192.16392517089844 60.31989669799805
1227.899 1792.8207 330.9705505371094 63.11978530883789
1628.4312 1787.6377 281.44482421875 74.08536529541016
1401.4672 1644.0336 302.8948059082031 62.07835388183594
1179.5924 1777.328 333.0083923339844 60.759071350097656
2356.5063 1783.517 186.89634704589844 55.71275329589844
1118.4391 1778.5737 337.2926940917969 58.415191650390625
2124.7786 1777.623 205.37425231933594 64.82244110107422
787.854 1775.9353 355.1018371582031 44.33397674560547
792.8083 1769.0316 354.3834533691406 44.42906951904297
1233.999 1800.0308 330.9705505371094 63.11978530883789
895.5327 1771.9725 349.4359130859375 49.015281677246094
1082.4382 1766.3066 338.4190368652344 56.62464141845703
908.8504 1764.0963 348.1371765136719 49.40598678588867
1659.2275 1759.6372 275.25994873046875 72.73365783691406
1244.1591 1758.0734 326.2220153808594 62.460575103759766
2429.5181 1740.6223 186.0061798095703 51.562232971191406
1535.0905 1735.0381 293.08599853515625 69.66516876220703
930.7637 1752.5309 346.045166015625 50.05170822143555
913.0619 1751.7493 346.9385681152344 49.295475006103516
1316.5302 1756.9272 319.8425598144531 64.87184143066406
1515.7415 1753.6896 297.0425720214844 70.26783752441406
1604.3827 1744.3373 283.59906005859375 71.2970962524414
2122.9595 1758.9497 207.8580780029297 64.72328186035156
1716.8895 1745.8623 265.4918518066406 72.15753936767578
1696.6807 1743.557 268.7964172363281 72.00513458251953
1140.5699 1744.9639 332.7135925292969 58.20124816894531
1723.4375 1750.2904 264.2868347167969 72.45575714111328
1219.246 1749.6337 326.3622131347656 61.120811462402344
1248.9753 1744.0793 324.4801025390625 62.081947326660156
1223.2172 1742.1296 326.3622131347656 61.120811462402344
1394.1434 1742.308 310.7957763671875 66.65736389160156
864.1785 1717.5325 346.9136657714844 46.387298583984375
2313.6982 1725.8645 195.18162536621094 56.3663330078125
1514.1744 1736.6907 296.0766906738281 69.33711242675781
2328.9565 1733.7778 193.50680541992188 55.959842681884766
936.0109 1731.6788 344.10833740234375 49.733551025390625
1975.4392 1714.6388 228.6584014892578 67.34762573242188
1920.847 1730.3578 234.41334533691406 69.2832260131836
1150.6136 1728.3922 330.5190734863281 58.000370025634766
1213.7671 1739.2865 326.8554382324219 60.692691802978516
1200.705 1714.0331 325.87689208984375 58.780052185058594
1470.9604 1727.2781 300.7043762207031 67.87345123291016
1494.5309 1145.2831 281.1930847167969 37.60505294799805
779.3906 1724.3273 351.7805480957031 42.91197204589844
2224.5391 1726.1591 202.11322021484375 59.94570541381836
1437.538 1722.3518 304.3777770996094 66.85299682617188
771.6924 1757.4644 354.5340881347656 43.2680778503418
917.5433 1720.4615 344.26873779296875 48.684078216552734
1391.129 1737.8301 310.7957763671875 66.65736389160156
993.8572 1712.7874 339.3435974121094 51.54536056518555
1237.0271 1712.6429 322.7470703125 60.45943832397461
1192.2501 1708.5508 325.87689208984375 58.780052185058594
2308.7263 1663.9552 200.98419189453125 54.921878814697266
1846.8611 1698.4657 246.9960479736328 68.76805877685547
2475.7581 1717.8761 184.95301818847656 48.984134674072266
1026.7415 1693.9121 335.89013671875 52.2294807434082
712.7377 1689.9615 352.8216857910156 39.236392974853516
1889.2804 1690.4318 241.58221435546875 67.80998992919922
1728.9366 1686.3644 264.2378845214844 68.75723266601562
775.1968 1695.1691 349.96826171875 42.07803726196289
983.3079 1684.8701 337.8224182128906 50.28245162963867
1134.4891 1682.9087 328.0042724609375 55.79674530029297
1402.0509 1682.1757 305.2979736328125 63.98008728027344
1181.3904 1685.3286 324.7400817871094 57.48904800415039
1738.1726 1675.0997 262.9912109375 68.13471984863281
1445.1776 1677.2689 300.368896484375 64.82100677490234
1376.3046 1675.5909 307.3951110839844 62.994136810302734
1334.599 1674.9629 311.3219909667969 61.83687210083008
1232.6466 1671.1001 319.81536865234375 58.623504638671875
813.2698 1689.6703 347.6139831542969 43.544715881347656
2286.7095 1651.8739 203.530517578125 55.348445892333984
859.1761 1663.9175 343.4173278808594 44.74919891357422
1529.1997 1664.1796 290.1669616699219 65.71443176269531
1236.05 1668.4773 319.81536865234375 58.623504638671875
1074.1122 1661.335 330.46075439453125 52.88224792480469
938.5986 2000.4655 9.242783546447754 53.89693069458008
2113.0591 1738.5242 211.09759521484375 64.37580871582031
946.8929 1647.3916 337.3825988769531 47.70689392089844
2055.0879 1482.8182 233.98782348632812 54.63056564331055
1981.2247 1651.3973 232.7329559326172 64.2085189819336
1027.4283 1651.2352 332.790771484375 50.82329559326172
1279.6444 1656.4634 314.8555603027344 59.43855667114258
806.7712 1652.6558 345.4801940917969 42.32597732543945
1383.9996 1622.7896 303.3648681640625 60.64043426513672
1788.3455 1635.2052 257.19677734375 65.71463775634766
1573.2269 1643.5323 284.10723876953125 65.2581558227539
2286.6035 1631.1324 205.18455505371094 54.68165969848633
2504.5315 1607.6648 191.28262329101562 45.44021987915039
1657.0826 1613.7601 273.4724426269531 64.39720153808594
1814.4302 1626.175 254.0057373046875 65.13468170166016
2477.9319 1356.9148 206.74945068359375 38.542747497558594
1095.2371 2001.2754 4.237712383270264 61.53319549560547
1142.9757 1600.9888 321.68731689453125 52.89852523803711
2393.5098 1598.3147 199.56057739257812 49.68201446533203
1463.5192 1451.7076 289.2754821777344 53.36817169189453
538.501 1594.3468 355.9976501464844 29.361549377441406
1721.9244 1418.4828 265.99652099609375 53.80175018310547
1601.7319 1588.3096 279.3896179199219 62.52647018432617
1787.6736 1583.5779 258.13568115234375 62.87422180175781
615.1479 1579.8553 351.2117614746094 32.3848762512207
1898.7444 1573.8409 245.99794006347656 61.51408386230469
1305.5061 1568.1753 307.3629455566406 56.06817626953125
2042.6437 1567.6462 231.23243713378906 58.96602249145508
956.6877 1564.3098 331.5081787109375 45.01438522338867
1740.2579 1564.079 263.7469482421875 61.87575912475586
2185.8521 1565.0176 218.12887573242188 55.39804458618164
611.3763 1562.951 350.4788513183594 31.812471389770508
943.9991 2000.0105 9.03453540802002 54.168453216552734
814.8442 1550.8248 338.9678649902344 39.63434600830078
798.9526 1551.0842 339.8153381347656 39.0502815246582
2375.7185 1556.0562 203.61404418945312 49.01591110229492
1401.0881 1553.437 298.3223876953125 57.523468017578125
954.7356 1549.3153 330.73614501953125 44.649940490722656
824.1883 1545.0103 338.1098937988281 39.779754638671875
1922.7686 1545.2651 244.3139190673828 59.75496292114258
1764.3951 1531.2576 261.4223327636719 60.048343658447266
2349.3843 1536.5001 206.88560485839844 49.31330108642578
2266.6599 1533.1056 213.37063598632812 51.78998947143555
1699.1954 1985.9946 263.0537414550781 86.58633422851562
1871.9581 1480.1774 251.32411193847656 56.78169631958008
1496.4568 1389.5031 285.0569763183594 50.5334587097168
1184.6823 1521.0944 314.10601806640625 50.7286491394043
1176.9056 1519.8544 314.6251220703125 50.46178436279297
1539.1548 1514.8462 284.1878356933594 57.81499099731445
1056.1951 1511.47 322.3621520996094 46.54034423828125
967.0212 1144.3318 313.6401672363281 28.05763053894043
1124.6855 1415.5332 313.3114318847656 44.38726806640625
2599.906 1402.9226 196.4352569580078 35.79885482788086
2325.8242 1433.0437 214.09654235839844 46.08793640136719
1067.9821 1506.5745 321.330810546875 46.714229583740234
1497.0845 1508.111 287.9188537597656 56.859100341796875
2124.1057 1510.1207 226.5694580078125 54.55628967285156
2305.0464 1503.1729 212.0723114013672 49.458030700683594
1038.9883 1508.1825 323.49530029296875 45.59205627441406
1033.7651 1505.6768 323.49530029296875 45.59205627441406
1544.9618 1507.9401 284.1878356933594 57.81499099731445
1417.1986 1497.0129 294.67144775390625 54.97341537475586
1354.5895 1470.9219 298.9075927734375 52.43901824951172
1597.277 1489.8949 278.1438293457031 57.045616149902344
2256.3159 1477.9176 217.15866088867188 49.8449592590332
2017.4242 1621.7549 230.6551971435547 62.04716491699219
1189.1196 1526.3175 314.10601806640625 50.7286491394043
1125.2493 1488.7345 316.6503601074219 47.648406982421875
1052.5099 1451.7429 319.6132507324219 43.94596481323242
2022.2448 1487.5464 236.90797424316406 55.37661361694336
1697.2892 1475.5914 268.3818054199219 56.87246322631836
1893.0591 1468.8734 249.5019073486328 56.01539611816406
2001.1364 1467.7534 239.44827270507812 54.74951171875
1362.0105 1464.4999 298.9075927734375 52.43901824951172
1931.3381 1460.7206 246.10552978515625 55.205047607421875
1565.8857 1467.6245 280.65814208984375 55.53940200805664
459.3029 1458.0544 353.3670349121094 22.498817443847656
2529.1575 1457.3401 198.4290771484375 40.15284729003906
487.0869 1446.4451 351.3444519042969 23.40401840209961
1623.4598 1517.9794 275.9776916503906 58.80058670043945
2516.7263 1455.1261 199.38597106933594 40.572566986083984
1846.8275 1621.1754 250.2296600341797 64.58908081054688
2115.4033 1450.5035 230.02142333984375 51.95848846435547
956.615 1446.8962 325.5955810546875 41.077022552490234
1429.4735 1442.1495 291.85821533203125 52.320499420166016
2557.9954 1439.3475 197.51361083984375 38.498878479003906
2104.627 1605.8817 222.86070251464844 59.293670654296875
2193.9104 1436.184 224.09559631347656 49.62897872924805
552.9935 1423.5948 346.778076171875 25.46833610534668
1911.7328 1413.283 249.04763793945312 52.89998245239258
1390.848 1414.0259 294.110595703125 50.220489501953125
2368.9307 1409.1913 211.98228454589844 43.854522705078125
2578.8635 1575.0128 188.43780517578125 41.3568115234375
1261.5491 1415.0245 303.86798095703125 47.714202880859375
1784.0094 1411.2201 260.43896484375 53.42042541503906
1329.8027 1390.7833 298.0298767089844 47.93181610107422
2193.7046 1392.8789 225.94862365722656 47.65401840209961
1405.4105 1409.988 292.8306579589844 50.306602478027344
1405.6855 1577.3422 298.98077392578125 58.84601593017578
1331.869 1791.0059 321.94232177734375 66.80914306640625
1579.2969 1406.5084 278.4862365722656 52.35350799560547
1517.1124 1387.6205 283.3064270019531 50.70828628540039
1331.0254 1334.3931 296.2435302734375 45.13069534301758
1474.3105 1225.5276 283.7174072265625 41.60272979736328
1209.9575 1978.6626 356.65301513671875 66.7822494506836
2090.3955 1248.1011 238.16754150390625 42.4500617980957
2290.7117 1166.6637 225.7753448486328 35.205772399902344
2288.1858 1368.7103 219.70950317382812 44.404541015625
1353.0322 1343.0034 295.2088317871094 45.524662017822266
886.1524 1770.819 349.8741149902344 48.62520217895508
1584.8705 1785.9193 288.888671875 73.355224609375
1433.4076 2018.3969 354.83740234375 77.6319808959961
700.9894 1342.6012 335.3305358886719 28.330516815185547
2105.3645 1340.4541 234.56727600097656 46.7979850769043
2519.5542 1358.8781 203.69895935058594 37.182437896728516
751.6591 1313.3132 331.3944091796875 28.96400260925293
1774.9896 1315.7842 261.6843566894531 48.260074615478516
2523.6536 1337.6423 204.36538696289062 36.29484176635742
1607.0922 1342.8939 275.38616943359375 49.12147521972656
725.5092 1327.9543 333.4110412597656 28.6080265045166
662.1938 1337.4229 337.29254150390625 26.763208389282227
1744.319 1321.9282 264.1567687988281 48.585487365722656
1935.1621 1296.9258 249.04672241210938 46.61332321166992
1028.0369 1347.5327 316.7123718261719 38.74193572998047
1919.3813 1338.498 249.68702697753906 48.928279876708984
2668.6375 1329.7112 195.0686798095703 30.785036087036133
1561.5967 1406.5918 279.97003173828125 52.19602584838867
578.6489 1333.5029 341.6326904296875 23.565677642822266
1707.0913 1363.8955 267.2680358886719 50.78056716918945
517.7634 1319.4979 344.3660888671875 20.76869010925293
1476.1388 1326.3865 285.3598327636719 46.93501281738281
2039.5089 1305.6713 240.6993865966797 46.03684616088867
448.5134 1306.0063 347.6775817871094 17.59443473815918
2684.6545 1254.6312 196.79461669921875 27.624897003173828
1343.8036 1266.8148 293.6719055175781 42.41257858276367
2273.0664 1246.4935 224.90403747558594 39.265235900878906
1987.1066 1299.9821 244.93519592285156 46.31327438354492
1331.0402 1293.6182 294.86029052734375 42.818214416503906
2258.2002 1263.7516 225.48663330078125 40.39063262939453
2165.762 1237.9872 232.7322998046875 40.83306884765625
953.1648 1295.8455 319.4794616699219 34.896881103515625
1896.7909 1280.1589 252.30917358398438 45.98344421386719
897.3616 1281.8662 322.03399658203125 32.22514724731445
2424.6111 1243.3182 214.49923706054688 35.50947189331055
2027.327 1281.2389 242.19248962402344 44.9348258972168
1685.7625 1378.3965 269.1515808105469 51.488948822021484
1333.2314 1288.3522 294.86029052734375 42.818214416503906
1328.0952 1380.1821 297.9961242675781 47.027347564697266
1952.3334 1280.053 247.94680786132812 45.59819030761719
1387.6547 1654.3167 304.9029235839844 62.257415771484375
1473.7571 1234.6038 283.7174072265625 41.60272979736328
1149.8838 1253.3479 305.9348449707031 37.47644805908203
2080.4775 1247.0586 238.87754821777344 42.56615447998047
1123.3025 1244.688 307.3349609375 36.45473098754883
1178.864 1236.9185 303.6332702636719 36.8061408996582
1170.5358 1235.45 304.6192932128906 36.999755859375
1064.8694 1274.9023 311.8522033691406 36.49073791503906
1017.0101 1235.1803 313.474609375 33.43781280517578
1383.8394 1181.4012 289.0920715332031 38.13372802734375
1222.4991 1214.4841 299.97998046875 37.042884826660156
359.6373 1145.3881 347.3810729980469 8.677169799804688
948.397 1547.0907 330.73614501953125 44.649940490722656
1220.5824 1204.9159 299.97998046875 37.042884826660156
1323.6759 1375.2443 297.9961242675781 47.027347564697266
1289.0194 1201.8058 296.0689697265625 37.354270935058594
2163.6494 1199.7488 233.8120880126953 39.010047912597656
1641.1953 1233.5627 271.8697509765625 43.4620246887207
667.1047 1198.6787 331.959716796875 21.70308494567871
1243.473 1203.8163 298.7010192871094 36.99565505981445
1397.9878 1196.6975 288.4395446777344 39.145973205566406
1839.2826 1178.2 257.388671875 40.777015686035156
1212.9064 2007.3174 1.1743452548980713 67.16638946533203
1736.3524 1274.9819 264.8662109375 46.00632095336914
805.1703 1629.2633 344.09844970703125 41.603885650634766
1574.2451 1167.7836 276.0574951171875 39.50724792480469
1685.1884 1165.5677 268.3251037597656 40.007843017578125
1689.2639 1165.0149 268.3251037597656 40.007843017578125
1797.114 1162.35 260.4317321777344 39.97480010986328
1107.5479 1162.1471 305.9649963378906 32.190185546875
1040.332 1154.8761 309.748046875 30.334415435791016
1130.6978 1353.4821 310.48541259765625 41.71687316894531
951.5109 1349.4763 321.4459228515625 36.66740798950195
2163.5215 1151.0875 234.84451293945312 36.635826110839844
1527.7363 1161.4756 279.2341003417969 38.78299331665039
986.5171 1362.4644 319.8424072265625 38.23748016357422
1163.3746 1237.3439 304.6192932128906 36.999755859375
2419.1985 1107.1263 218.66957092285156 29.74481964111328
1281.9336 1197.5769 296.0689697265625 37.354270935058594
1756.8682 1185.4604 263.28045654296875 41.24359130859375
2315.3296 1222.5649 222.6241455078125 37.271827697753906
1503.4268 1182.3319 281.0847473144531 39.66998291015625
2001.3195 1130.0487 246.35069274902344 37.394081115722656
1671.3578 1114.9301 269.063232421875 37.25052261352539
2081.4446 1129.9941 240.83065795898438 36.63182067871094
1180.2047 1126.864 301.1507263183594 32.218624114990234
2219.5847 1121.8179 231.57275390625 34.33585739135742
2261.9788 1115.3275 228.8754425048828 33.315086364746094
460.0872 1100.6039 340.3653259277344 10.831388473510742
419.014 1114.7051 343.09912109375 9.835563659667969
1277.5165 1220.1664 296.86572265625 38.407615661621094
1619.4419 1105.6757 272.49578857421875 36.46625900268555
1581.5145 1102.0996 274.96551513671875 36.064449310302734
1633.8801 2036.3373 351.7498779296875 87.30745697021484
1613.9629 2059.6707 17.184175491333008 86.25711822509766
1069.5924 2034.0891 9.113924026489258 60.32621765136719
1554.9988 2009.1689 341.8706359863281 83.15372467041016
1618.3728 2015.6104 333.29248046875 86.10785675048828
820.9677 1618.6473 342.5906982421875 41.953407287597656
812.9196 1659.9253 345.6513977050781 42.757816314697266
1258.4719 1266.5814 299.3077697753906 40.36782455444336
1044.1207 2064.1299 13.750797271728516 58.9727897644043
710.9898 1647.9445 350.2215576171875 38.18246841430664
1677.3096 2047.8821 37.946617126464844 89.2641372680664
1389.4207 1071.525 286.8562316894531 32.50166320800781
1080.8907 1369.7932 314.29339599609375 41.16719055175781
869.14 1643.1694 341.5421142578125 44.54597854614258
839.3279 1640.7242 343.00811767578125 43.3123664855957
1634.8497 1637.516 276.4958190917969 65.56354522705078
772.9609 1687.4971 349.96826171875 42.07803726196289
724.4371 1711.8821 353.6564636230469 40.23654556274414
1101.1084 2017.2086 6.197872638702393 61.83106231689453
1092.7316 1971.2488 0.40424779057502747 61.222801208496094
2004.2339 1643.0895 230.66014099121094 63.341651916503906
1190.7028 2061.5378 10.514311790466309 66.14761352539062
1577.2114 2017.8586 343.60174560546875 84.34612274169922
1173.6145 1244.8007 304.4466857910156 38.03294372558594
917.6384 1981.3539 7.9217023849487305 52.83955764770508
2114.1313 1991.1882 174.0109405517578 69.32324981689453
1391.629 1988.2322 346.9743347167969 75.3875732421875
1113.8679 1982.1953 1.0569322109222412 62.28766632080078
982.425 1660.4324 336.129150390625 49.476402282714844
1230.5161 1986.1322 356.9781188964844 67.80680847167969
1849.5359 1087.3938 257.0086669921875 35.93521499633789
825.9896 1982.4377 11.181265830993652 48.28438186645508
1093.9899 1978.0741 1.2755558490753174 61.31396484375
1397.4318 1980.2285 346.9743347167969 75.3875732421875
1478.458 1970.7722 337.470703125 78.82433319091797
1304.6425 1960.7354 348.9071350097656 70.8880844116211
1289.2968 1972.2416 351.8184509277344 70.35979461669922
870.8442 1991.4331 10.516186714172363 50.512542724609375
902.4137 1958.1123 6.065185070037842 52.01992416381836
1375.2587 1898.2563 332.4515380859375 72.34120178222656
1555.9567 1691.7526 288.13818359375 67.66132354736328
2242.5425 1100.4695 230.45252990722656 32.93366241455078
1049.0077 1973.4553 2.292147159576416 59.15019607543945
1286.1625 1726.0479 319.6441345214844 62.5854606628418
1994.3025 1973.9067 184.70858764648438 75.16055297851562
